1X,1Y,2X,2Y,3X,3Y,4X,4Y,5X,5Y,6X,6Y,7X,7Y,8X,8Y,9X,9Y,10X,10Y,11X,11Y,12X,12Y,13X,13Y,14X,14Y,15X,15Y,16X,16Y,17X,17Y,18X,18Y,19X,19Y,20X,20Y,21X,21Y,22X,22Y,23X,23Y,24X,24Y,25X,25Y,26X,26Y,27X,27Y,28X,28Y,29X,29Y,30X,30Y,31X,31Y,32X,32Y,33X,33Y,34X,34Y,35X,35Y,36X,36Y,37X,37Y,38X,38Y,39X,39Y,40X,40Y,41X,41Y,42X,42Y,43X,43Y,44X,44Y,45X,45Y,46X,46Y,47X,47Y,48X,48Y,49X,49Y,50X,50Y,51X,51Y,52X,52Y,53X,53Y,54X,54Y,55X,55Y,56X,56Y,57X,57Y,58X,58Y,59X,59Y,60X,60Y,61X,61Y,62X,62Y,63X,63Y,64X,64Y,65X,65Y,66X,66Y,67X,67Y,68X,68Y,emotion,intensity,statement,actor,1A,2A,3A,4A,5A,6A,7A,8A,9A,10A,11A,12A,13A,14A,15A,16A,17A,18A,19A,20A,mean_MFCC
148,86,146,101,146,116,146,131,149,145,154,158,163,170,174,178,188,182,203,183,217,179,229,171,238,161,244,148,249,135,253,122,256,108,160,73,166,64,176,60,187,61,198,66,218,68,229,68,240,72,248,80,250,92,206,80,204,88,203,96,202,104,188,114,193,116,199,119,205,119,210,118,171,82,177,80,183,81,189,84,183,84,176,83,218,89,226,89,232,91,236,95,230,94,224,92,174,136,183,133,191,132,196,134,203,134,210,139,216,145,208,147,200,147,193,146,187,144,180,141,177,137,190,137,196,139,202,140,213,144,201,140,195,139,189,137,2,1,2,9,-781.75525,97.44564,0.8140672,33.223686,7.176219,20.385525,4.959103,2.485757,-0.36853224,-3.8603797,7.1043143,1.4094052,0.9548396,1.7735807,4.064999,1.2031386,-0.2625504,4.0251637,-0.8154044,1.9386318,-29.90490224659443
147,87,146,102,146,116,146,131,149,145,154,158,163,169,174,177,187,182,202,183,216,179,228,171,238,161,244,149,249,136,253,122,257,108,159,74,165,64,176,60,187,61,197,66,217,69,229,68,240,72,249,80,251,92,206,81,204,89,203,97,202,105,188,115,193,117,199,119,205,119,210,119,171,84,177,83,184,84,190,85,183,86,177,86,218,91,226,92,232,94,237,97,231,96,224,94,173,136,183,133,191,132,196,134,203,134,210,139,216,146,207,147,199,147,193,145,187,144,180,141,176,137,189,137,195,139,202,140,213,145,200,140,194,139,188,137,2,1,2,9,-781.75525,97.44564,0.8140672,33.223686,7.176219,20.385525,4.959103,2.485757,-0.36853224,-3.8603797,7.1043143,1.4094052,0.9548396,1.7735807,4.064999,1.2031386,-0.2625504,4.0251637,-0.8154044,1.9386318,-29.90490224659443
147,87,146,102,146,116,146,131,149,145,155,158,164,169,175,178,188,182,203,183,217,179,229,172,238,162,244,150,249,136,253,123,257,109,159,73,165,65,176,61,187,61,197,66,217,69,229,69,240,72,249,81,252,92,206,82,205,89,203,96,202,104,189,115,194,117,199,119,205,119,210,119,170,84,177,84,183,84,189,86,182,86,176,86,218,91,226,92,233,94,238,97,231,97,225,94,173,136,183,133,191,132,196,134,203,134,210,139,217,145,208,148,200,147,193,146,187,144,180,141,177,137,189,137,195,139,202,140,214,145,201,140,195,139,189,137,2,1,2,9,-781.75525,97.44564,0.8140672,33.223686,7.176219,20.385525,4.959103,2.485757,-0.36853224,-3.8603797,7.1043143,1.4094052,0.9548396,1.7735807,4.064999,1.2031386,-0.2625504,4.0251637,-0.8154044,1.9386318,-29.90490224659443
147,86,146,101,146,116,146,131,149,145,155,158,164,169,175,178,189,182,203,183,217,178,228,171,238,161,244,149,249,135,253,122,257,108,159,73,165,64,176,61,187,61,198,66,218,69,229,69,240,72,249,81,251,92,206,81,205,89,203,96,202,105,189,114,194,116,199,119,205,119,210,119,170,83,177,82,183,83,189,84,183,85,176,85,218,90,226,91,232,93,237,97,231,96,225,93,174,136,183,132,191,131,197,134,204,134,211,139,217,146,208,148,200,148,194,147,187,145,180,141,177,137,190,137,196,139,203,140,214,145,201,140,195,139,189,137,2,1,2,9,-781.75525,97.44564,0.8140672,33.223686,7.176219,20.385525,4.959103,2.485757,-0.36853224,-3.8603797,7.1043143,1.4094052,0.9548396,1.7735807,4.064999,1.2031386,-0.2625504,4.0251637,-0.8154044,1.9386318,-29.90490224659443
148,87,146,102,146,117,146,131,149,145,155,158,164,169,175,178,188,183,202,183,216,179,228,172,238,162,245,149,249,136,254,123,257,109,160,73,166,64,176,61,187,62,197,66,218,69,229,69,240,72,249,80,251,92,206,81,205,89,203,97,202,105,189,114,194,117,199,119,205,119,210,119,171,83,177,82,183,82,189,84,183,85,176,85,219,90,226,90,232,93,237,96,231,95,225,93,174,136,183,133,191,132,196,134,202,135,209,139,216,146,207,148,199,148,193,146,187,145,180,141,177,137,190,137,195,139,201,140,213,145,200,140,194,139,189,137,2,1,2,9,-781.75525,97.44564,0.8140672,33.223686,7.176219,20.385525,4.959103,2.485757,-0.36853224,-3.8603797,7.1043143,1.4094052,0.9548396,1.7735807,4.064999,1.2031386,-0.2625504,4.0251637,-0.8154044,1.9386318,-29.90490224659443
148,87,146,102,146,116,146,131,149,145,154,158,163,169,174,178,187,182,202,184,216,179,228,172,238,162,244,150,249,137,253,123,257,109,159,74,165,65,176,61,187,61,198,66,218,69,229,69,240,72,249,80,252,92,206,81,205,89,203,96,202,105,189,114,194,116,199,119,205,119,210,119,171,83,178,81,184,81,190,84,183,84,177,84,219,89,226,89,232,92,237,96,231,95,225,92,174,136,183,132,191,132,197,134,204,134,211,139,217,146,208,148,200,147,193,146,187,144,180,141,177,137,190,137,196,139,202,140,214,145,201,140,195,139,189,137,2,1,2,9,-781.75525,97.44564,0.8140672,33.223686,7.176219,20.385525,4.959103,2.485757,-0.36853224,-3.8603797,7.1043143,1.4094052,0.9548396,1.7735807,4.064999,1.2031386,-0.2625504,4.0251637,-0.8154044,1.9386318,-29.90490224659443
148,88,146,103,146,117,146,132,149,146,155,158,163,169,174,178,188,183,202,184,216,179,228,172,238,163,244,151,249,138,253,124,257,110,160,74,166,65,176,61,187,61,198,66,218,69,229,69,240,73,249,81,251,92,206,81,205,89,204,97,202,105,188,115,194,117,199,119,205,119,210,119,171,83,177,81,184,81,190,84,183,85,176,84,218,90,226,89,233,91,237,96,231,95,225,93,174,137,183,133,191,132,196,134,203,134,210,139,217,146,208,148,200,148,193,147,187,145,180,142,177,137,190,137,195,139,202,140,214,145,201,140,195,139,189,137,2,1,2,9,-781.75525,97.44564,0.8140672,33.223686,7.176219,20.385525,4.959103,2.485757,-0.36853224,-3.8603797,7.1043143,1.4094052,0.9548396,1.7735807,4.064999,1.2031386,-0.2625504,4.0251637,-0.8154044,1.9386318,-29.90490224659443
147,86,146,101,146,116,146,130,148,145,154,158,163,169,174,177,188,182,202,183,216,179,228,172,238,162,244,150,249,136,253,123,257,109,160,73,165,64,176,61,187,61,197,66,217,69,229,69,240,72,249,81,251,92,206,81,204,89,203,96,202,105,188,114,194,117,199,119,205,119,210,119,171,83,177,80,184,81,190,84,183,85,176,84,219,90,226,89,232,91,237,96,231,95,225,93,174,137,183,133,191,132,197,134,203,134,210,139,216,146,208,148,200,148,193,147,187,145,180,142,177,138,190,137,196,139,202,140,213,145,201,140,195,139,189,138,2,1,2,9,-781.75525,97.44564,0.8140672,33.223686,7.176219,20.385525,4.959103,2.485757,-0.36853224,-3.8603797,7.1043143,1.4094052,0.9548396,1.7735807,4.064999,1.2031386,-0.2625504,4.0251637,-0.8154044,1.9386318,-29.90490224659443
148,87,146,102,146,116,147,131,149,145,155,158,163,169,174,177,187,182,202,183,216,179,228,172,237,162,244,150,249,137,254,123,257,109,159,73,166,64,176,61,187,62,197,66,218,69,229,69,240,73,248,81,251,92,206,81,205,89,204,97,202,105,189,114,194,117,199,119,205,119,210,119,170,83,177,80,184,81,189,84,183,84,176,84,219,90,226,89,233,91,237,96,231,95,225,93,174,137,183,133,191,132,197,134,203,134,210,139,216,146,208,148,200,148,193,147,187,145,180,142,177,137,190,137,196,139,202,140,213,145,201,140,195,140,189,138,2,1,2,9,-781.75525,97.44564,0.8140672,33.223686,7.176219,20.385525,4.959103,2.485757,-0.36853224,-3.8603797,7.1043143,1.4094052,0.9548396,1.7735807,4.064999,1.2031386,-0.2625504,4.0251637,-0.8154044,1.9386318,-29.90490224659443
148,87,146,102,146,116,147,131,149,145,154,157,163,168,174,177,187,182,202,183,215,179,228,172,238,163,244,151,249,137,254,123,257,109,160,73,166,65,177,61,187,62,198,66,218,69,229,69,240,73,249,81,252,92,206,81,205,88,204,96,202,104,189,114,194,116,199,118,205,118,210,118,171,83,177,80,184,81,190,84,183,84,177,84,219,89,226,89,233,91,237,96,231,95,225,92,174,137,183,132,191,131,197,134,203,134,210,139,216,146,208,148,200,148,193,147,187,145,180,142,177,137,190,138,196,139,202,140,213,145,201,140,195,139,189,137,2,1,2,9,-781.75525,97.44564,0.8140672,33.223686,7.176219,20.385525,4.959103,2.485757,-0.36853224,-3.8603797,7.1043143,1.4094052,0.9548396,1.7735807,4.064999,1.2031386,-0.2625504,4.0251637,-0.8154044,1.9386318,-29.90490224659443
148,87,146,101,146,116,146,131,149,145,155,158,164,169,175,178,188,182,202,183,216,179,228,172,237,163,244,151,249,138,254,124,257,110,160,74,166,65,177,61,188,62,198,66,218,69,229,69,240,73,249,81,252,93,206,81,205,89,204,96,202,105,188,114,194,117,199,119,205,119,210,119,171,83,177,80,184,81,190,84,183,84,177,84,219,90,226,89,233,91,238,96,231,95,225,92,174,137,183,133,191,132,196,134,203,134,210,139,216,146,207,148,200,148,193,147,187,145,180,142,177,137,190,138,195,139,202,140,213,145,201,140,195,139,189,138,2,1,2,9,-781.75525,97.44564,0.8140672,33.223686,7.176219,20.385525,4.959103,2.485757,-0.36853224,-3.8603797,7.1043143,1.4094052,0.9548396,1.7735807,4.064999,1.2031386,-0.2625504,4.0251637,-0.8154044,1.9386318,-29.90490224659443
148,88,147,103,146,117,147,132,149,146,155,159,164,169,175,178,189,182,203,183,217,179,229,172,238,162,245,150,249,137,254,123,257,110,160,73,166,64,177,61,187,62,198,66,218,69,230,69,240,73,249,81,251,92,206,81,205,89,204,97,203,105,189,114,194,116,200,119,205,119,211,119,171,82,177,80,184,80,190,84,183,84,177,84,219,89,226,88,233,90,237,95,231,94,225,92,174,137,183,133,191,132,197,134,204,134,210,139,217,146,208,148,200,148,194,147,188,145,181,142,178,137,190,137,196,139,202,140,214,145,201,140,195,139,189,138,2,1,2,9,-781.75525,97.44564,0.8140672,33.223686,7.176219,20.385525,4.959103,2.485757,-0.36853224,-3.8603797,7.1043143,1.4094052,0.9548396,1.7735807,4.064999,1.2031386,-0.2625504,4.0251637,-0.8154044,1.9386318,-29.90490224659443
148,88,147,103,146,117,147,132,149,146,155,158,164,169,175,178,188,182,203,183,217,179,229,172,238,162,244,150,249,137,254,123,257,110,161,73,167,64,177,61,188,61,198,66,218,69,229,69,240,72,249,80,251,92,206,81,205,89,204,96,202,105,189,114,194,116,199,118,205,119,211,118,172,82,178,80,184,80,190,84,184,84,177,84,219,89,226,88,232,90,237,95,231,94,225,92,174,137,183,133,191,132,197,134,203,134,210,139,217,146,208,148,200,148,193,147,187,145,181,142,178,137,190,137,196,139,202,140,214,145,201,140,195,139,189,137,2,1,2,9,-781.75525,97.44564,0.8140672,33.223686,7.176219,20.385525,4.959103,2.485757,-0.36853224,-3.8603797,7.1043143,1.4094052,0.9548396,1.7735807,4.064999,1.2031386,-0.2625504,4.0251637,-0.8154044,1.9386318,-29.90490224659443
148,87,147,102,146,117,146,131,149,146,155,158,164,169,175,178,188,182,202,183,216,179,228,172,238,162,244,150,249,137,254,124,257,110,160,74,166,65,177,61,188,62,198,66,218,69,229,69,240,72,249,81,251,92,206,81,205,89,204,96,202,105,189,114,194,116,199,119,205,119,210,118,171,82,178,80,184,80,190,84,184,84,177,84,219,89,226,88,232,90,237,95,231,94,225,92,174,137,183,133,191,132,197,134,203,134,210,139,217,146,208,148,200,147,193,146,187,145,180,141,177,137,190,137,196,139,202,140,214,145,201,140,195,139,189,137,2,1,2,9,-781.75525,97.44564,0.8140672,33.223686,7.176219,20.385525,4.959103,2.485757,-0.36853224,-3.8603797,7.1043143,1.4094052,0.9548396,1.7735807,4.064999,1.2031386,-0.2625504,4.0251637,-0.8154044,1.9386318,-29.90490224659443
148,87,147,102,146,116,147,131,149,145,155,158,164,169,175,177,188,182,202,183,216,179,228,172,238,162,245,150,249,137,254,123,257,109,160,74,166,64,177,61,188,61,198,66,218,69,229,69,240,72,249,80,252,92,206,81,205,88,204,96,203,104,189,114,194,116,200,118,205,118,211,118,171,82,177,80,184,80,190,84,183,84,176,84,219,89,226,88,233,90,238,95,232,94,225,92,175,136,183,132,192,131,197,134,204,134,211,139,217,146,208,148,200,148,194,146,188,145,181,141,178,137,190,137,196,139,203,140,214,145,202,140,195,139,189,137,2,1,2,9,-781.75525,97.44564,0.8140672,33.223686,7.176219,20.385525,4.959103,2.485757,-0.36853224,-3.8603797,7.1043143,1.4094052,0.9548396,1.7735807,4.064999,1.2031386,-0.2625504,4.0251637,-0.8154044,1.9386318,-29.90490224659443
148,87,147,102,146,116,147,131,149,145,155,158,164,169,174,177,188,182,202,183,216,179,228,172,238,163,245,151,249,138,254,124,257,110,160,74,166,65,176,61,187,61,198,66,218,69,229,69,240,72,249,80,252,92,206,81,205,89,204,96,203,105,189,114,194,116,200,119,205,119,211,118,171,82,178,79,184,80,190,84,184,84,177,84,219,89,226,88,233,90,238,95,231,94,225,92,174,136,183,133,192,132,197,134,204,134,211,139,217,145,208,148,200,148,193,146,188,145,180,141,178,137,190,137,196,139,203,140,214,145,201,140,195,139,189,137,2,1,2,9,-781.75525,97.44564,0.8140672,33.223686,7.176219,20.385525,4.959103,2.485757,-0.36853224,-3.8603797,7.1043143,1.4094052,0.9548396,1.7735807,4.064999,1.2031386,-0.2625504,4.0251637,-0.8154044,1.9386318,-29.90490224659443
148,87,147,102,147,116,147,131,150,145,155,158,164,168,175,177,188,182,203,183,216,178,229,171,238,162,245,150,250,137,254,123,257,110,160,73,166,64,177,60,188,61,198,66,218,69,230,68,241,72,249,80,252,92,207,80,205,88,204,96,203,104,189,114,194,116,200,118,205,119,211,118,171,82,178,79,185,80,190,84,184,84,177,84,219,89,226,88,233,90,238,95,231,94,225,92,174,136,183,132,191,131,197,134,204,134,211,139,217,145,208,148,200,147,194,146,187,144,180,141,178,137,190,137,196,139,203,140,214,145,201,140,195,139,189,137,2,1,2,9,-781.75525,97.44564,0.8140672,33.223686,7.176219,20.385525,4.959103,2.485757,-0.36853224,-3.8603797,7.1043143,1.4094052,0.9548396,1.7735807,4.064999,1.2031386,-0.2625504,4.0251637,-0.8154044,1.9386318,-29.90490224659443
148,88,147,103,147,118,147,132,150,146,155,158,164,169,175,178,188,182,203,183,216,179,228,171,238,162,244,150,249,136,254,123,257,109,160,73,166,64,177,61,188,62,198,66,218,69,229,69,240,72,249,80,252,91,207,80,205,88,204,96,203,104,190,114,195,116,200,118,206,118,211,118,172,82,178,79,184,80,190,83,184,84,177,83,219,89,226,88,233,90,237,95,231,94,225,92,174,137,184,133,192,131,197,134,204,134,211,139,217,146,208,148,200,147,194,146,188,144,181,141,178,137,191,137,196,139,203,140,214,145,202,140,196,139,190,137,2,1,2,9,-781.75525,97.44564,0.8140672,33.223686,7.176219,20.385525,4.959103,2.485757,-0.36853224,-3.8603797,7.1043143,1.4094052,0.9548396,1.7735807,4.064999,1.2031386,-0.2625504,4.0251637,-0.8154044,1.9386318,-29.90490224659443
148,89,147,103,147,118,147,132,150,146,156,159,165,169,177,177,190,182,205,182,218,178,229,171,238,161,244,149,249,137,254,123,257,110,160,74,166,64,177,60,188,61,198,66,218,69,230,68,241,72,249,80,252,92,207,80,206,88,205,96,203,104,189,114,195,116,200,119,206,119,211,118,171,82,178,79,184,80,190,84,184,84,177,84,219,89,226,88,233,90,238,95,231,94,225,92,174,136,183,132,192,131,197,134,204,134,211,138,217,145,209,148,201,148,194,147,188,145,181,141,177,137,191,137,197,139,203,140,214,145,202,140,196,139,190,137,2,1,2,9,-781.75525,97.44564,0.8140672,33.223686,7.176219,20.385525,4.959103,2.485757,-0.36853224,-3.8603797,7.1043143,1.4094052,0.9548396,1.7735807,4.064999,1.2031386,-0.2625504,4.0251637,-0.8154044,1.9386318,-29.90490224659443
149,88,147,102,147,117,148,132,150,146,156,158,165,169,176,178,189,182,203,183,217,179,229,171,238,162,245,150,250,137,254,124,258,110,160,74,166,64,177,60,188,61,198,65,218,68,230,68,241,72,249,81,252,92,207,80,206,88,205,95,203,103,189,113,195,115,200,117,206,118,211,117,172,82,178,79,185,80,191,83,184,84,177,83,219,89,227,88,233,90,238,95,232,94,225,92,175,136,184,132,192,131,197,134,204,133,211,138,217,145,209,147,201,147,194,146,188,144,181,141,178,137,191,137,197,138,203,139,214,144,202,139,196,139,190,137,2,1,2,9,-781.75525,97.44564,0.8140672,33.223686,7.176219,20.385525,4.959103,2.485757,-0.36853224,-3.8603797,7.1043143,1.4094052,0.9548396,1.7735807,4.064999,1.2031386,-0.2625504,4.0251637,-0.8154044,1.9386318,-29.90490224659443
149,88,147,102,147,117,147,131,150,145,155,158,164,169,175,177,189,181,203,182,217,178,229,171,238,162,245,150,249,137,254,124,258,110,161,73,167,64,177,60,188,61,199,65,218,68,230,68,241,72,250,81,252,92,207,79,206,87,205,95,203,103,190,113,195,115,200,117,206,118,211,118,172,82,178,79,185,80,191,83,184,83,177,83,220,89,227,88,233,90,238,95,232,94,225,91,175,136,184,132,192,131,197,133,204,133,210,138,216,145,208,147,200,146,194,145,188,144,181,141,178,137,191,136,196,138,203,139,213,144,201,139,196,138,190,136,2,1,2,9,-781.75525,97.44564,0.8140672,33.223686,7.176219,20.385525,4.959103,2.485757,-0.36853224,-3.8603797,7.1043143,1.4094052,0.9548396,1.7735807,4.064999,1.2031386,-0.2625504,4.0251637,-0.8154044,1.9386318,-29.90490224659443
149,89,147,103,147,118,147,132,150,146,156,158,164,169,175,177,188,181,203,183,216,179,228,172,238,163,244,151,249,138,254,125,258,112,161,72,167,64,178,60,189,60,199,64,218,68,230,68,241,72,249,80,252,91,207,80,206,88,205,95,203,103,189,113,195,116,200,118,206,118,211,118,172,82,178,79,185,79,191,83,184,83,178,83,220,89,227,88,233,90,238,95,232,94,226,92,175,136,184,132,192,131,197,133,203,133,210,138,217,145,208,147,200,146,194,145,188,144,181,141,178,137,191,137,196,138,202,139,214,144,201,139,195,138,190,136,2,1,2,9,-781.75525,97.44564,0.8140672,33.223686,7.176219,20.385525,4.959103,2.485757,-0.36853224,-3.8603797,7.1043143,1.4094052,0.9548396,1.7735807,4.064999,1.2031386,-0.2625504,4.0251637,-0.8154044,1.9386318,-29.90490224659443
149,87,147,102,147,117,148,132,150,145,156,158,165,169,176,177,189,181,203,182,216,178,229,171,238,162,244,150,249,138,254,124,257,111,161,73,167,63,177,60,188,60,199,65,218,68,230,68,241,72,249,80,252,91,207,79,206,87,205,95,203,103,190,113,195,115,200,117,206,117,211,117,172,82,178,79,185,79,191,83,184,83,178,83,219,88,227,87,233,90,238,95,231,93,225,91,175,136,184,131,192,130,198,133,204,133,211,138,216,145,208,147,200,146,194,145,188,144,181,141,178,137,191,136,197,138,203,139,213,144,202,139,196,138,190,136,2,1,2,9,-781.75525,97.44564,0.8140672,33.223686,7.176219,20.385525,4.959103,2.485757,-0.36853224,-3.8603797,7.1043143,1.4094052,0.9548396,1.7735807,4.064999,1.2031386,-0.2625504,4.0251637,-0.8154044,1.9386318,-29.90490224659443
148,87,147,102,147,117,148,131,150,145,156,158,165,169,176,177,189,181,204,182,217,178,229,171,238,161,245,149,250,136,254,123,258,110,160,72,167,63,178,59,189,60,199,64,218,67,230,67,241,71,250,79,252,91,207,79,206,87,205,94,204,103,190,112,195,115,200,117,206,117,212,117,172,81,179,78,185,79,191,82,185,82,178,82,220,88,227,87,234,89,238,94,232,93,226,91,175,136,184,131,192,130,198,133,204,133,211,138,216,145,208,147,201,146,194,146,188,144,181,141,179,136,191,136,197,138,203,139,213,144,202,138,196,138,190,136,2,1,2,9,-781.75525,97.44564,0.8140672,33.223686,7.176219,20.385525,4.959103,2.485757,-0.36853224,-3.8603797,7.1043143,1.4094052,0.9548396,1.7735807,4.064999,1.2031386,-0.2625504,4.0251637,-0.8154044,1.9386318,-29.90490224659443
149,86,148,101,147,116,148,131,150,145,156,158,165,168,175,177,188,181,203,182,216,178,228,171,238,161,245,149,250,136,254,123,258,109,161,72,167,63,178,59,189,59,199,64,218,67,230,67,241,71,250,79,252,91,207,79,206,87,205,94,203,102,190,112,195,115,200,117,206,117,211,116,172,81,178,78,185,79,191,82,184,82,178,82,219,87,227,87,233,89,238,94,231,93,225,90,176,137,184,132,192,130,197,133,204,133,209,138,215,145,207,147,200,147,194,146,188,145,181,141,179,137,191,136,196,138,202,139,212,144,201,139,195,138,190,137,2,1,2,9,-781.75525,97.44564,0.8140672,33.223686,7.176219,20.385525,4.959103,2.485757,-0.36853224,-3.8603797,7.1043143,1.4094052,0.9548396,1.7735807,4.064999,1.2031386,-0.2625504,4.0251637,-0.8154044,1.9386318,-29.90490224659443
148,87,147,101,147,116,148,131,150,145,156,158,165,169,176,177,188,181,203,182,216,178,228,171,238,161,244,149,249,137,254,124,258,110,161,73,167,63,177,58,189,59,199,63,219,66,230,66,241,71,250,79,252,91,207,79,206,87,205,94,204,102,190,113,195,115,201,117,206,117,211,117,172,81,178,78,185,79,191,82,184,82,178,82,219,88,227,86,233,89,238,94,232,93,225,90,177,138,185,132,192,130,198,133,204,132,209,138,214,145,207,147,200,147,194,147,188,145,182,142,180,138,191,136,197,138,202,139,210,144,202,140,196,139,190,137,2,1,2,9,-781.75525,97.44564,0.8140672,33.223686,7.176219,20.385525,4.959103,2.485757,-0.36853224,-3.8603797,7.1043143,1.4094052,0.9548396,1.7735807,4.064999,1.2031386,-0.2625504,4.0251637,-0.8154044,1.9386318,-29.90490224659443
149,87,148,102,148,116,148,131,151,145,157,158,166,169,177,178,190,182,203,182,217,178,228,171,237,161,244,149,249,137,254,124,257,110,161,73,167,63,178,58,189,58,199,63,219,66,230,66,241,70,249,79,252,90,207,78,206,86,205,94,204,102,190,112,195,115,200,117,206,117,212,116,173,81,179,78,186,79,192,82,185,82,178,82,219,87,227,86,233,89,238,94,232,92,225,90,177,138,185,132,193,130,198,132,204,132,209,137,214,145,207,147,200,148,194,148,189,146,183,143,181,138,192,136,197,138,203,138,210,144,202,140,196,140,191,138,2,1,2,9,-781.75525,97.44564,0.8140672,33.223686,7.176219,20.385525,4.959103,2.485757,-0.36853224,-3.8603797,7.1043143,1.4094052,0.9548396,1.7735807,4.064999,1.2031386,-0.2625504,4.0251637,-0.8154044,1.9386318,-29.90490224659443
149,86,148,101,148,116,148,131,150,145,156,158,166,169,177,178,190,182,203,183,217,178,228,170,238,161,244,149,250,136,254,123,258,110,161,73,167,63,177,58,188,58,199,62,219,66,230,66,241,70,250,79,252,90,208,79,206,86,205,94,204,102,190,113,195,115,201,117,206,117,211,117,173,81,179,78,186,79,191,82,185,82,178,82,220,87,227,87,233,89,238,94,232,92,226,90,178,139,185,133,193,130,198,133,204,132,210,138,214,146,207,148,200,149,194,148,189,147,183,143,181,138,192,137,197,138,203,139,210,144,202,140,196,140,191,138,2,1,2,9,-781.75525,97.44564,0.8140672,33.223686,7.176219,20.385525,4.959103,2.485757,-0.36853224,-3.8603797,7.1043143,1.4094052,0.9548396,1.7735807,4.064999,1.2031386,-0.2625504,4.0251637,-0.8154044,1.9386318,-29.90490224659443
148,88,147,102,148,117,148,132,151,146,157,159,166,169,177,178,190,182,204,182,217,177,229,170,238,160,244,149,249,136,254,123,257,110,161,72,167,62,177,58,189,58,199,62,219,66,230,65,241,69,249,78,252,90,207,79,206,86,205,93,204,101,190,113,195,115,201,117,206,117,211,117,173,81,179,78,186,79,191,82,185,82,178,82,220,87,227,86,233,89,238,93,232,92,225,90,178,139,185,132,193,130,198,132,204,132,209,137,214,146,207,147,201,148,195,148,189,147,183,143,181,138,192,136,197,138,203,138,210,144,202,140,196,140,191,138,2,1,2,9,-781.75525,97.44564,0.8140672,33.223686,7.176219,20.385525,4.959103,2.485757,-0.36853224,-3.8603797,7.1043143,1.4094052,0.9548396,1.7735807,4.064999,1.2031386,-0.2625504,4.0251637,-0.8154044,1.9386318,-29.90490224659443
148,87,147,102,147,117,148,132,151,146,157,159,166,169,177,178,190,182,204,182,217,177,229,170,238,160,244,148,249,135,253,122,257,109,161,72,166,62,177,57,188,57,199,62,219,65,230,65,241,69,249,78,251,90,207,79,206,86,205,94,204,102,191,112,196,115,201,117,206,117,211,116,172,81,179,78,185,79,191,82,185,82,178,82,220,87,227,86,233,89,238,93,231,92,225,90,179,139,186,132,193,130,198,132,204,132,210,137,214,145,208,148,201,149,195,148,189,147,184,143,182,138,192,136,197,138,203,138,211,144,202,141,197,141,191,139,2,1,2,9,-781.75525,97.44564,0.8140672,33.223686,7.176219,20.385525,4.959103,2.485757,-0.36853224,-3.8603797,7.1043143,1.4094052,0.9548396,1.7735807,4.064999,1.2031386,-0.2625504,4.0251637,-0.8154044,1.9386318,-29.90490224659443
148,88,147,103,147,118,148,132,151,146,157,160,166,171,178,180,191,184,204,184,217,178,229,170,238,160,244,149,249,136,254,123,257,110,160,72,167,62,177,57,189,57,199,62,219,65,230,64,241,68,249,77,251,89,207,78,206,86,205,93,204,101,191,112,196,115,201,117,206,117,211,116,172,81,179,78,185,79,191,82,185,82,178,82,219,87,227,86,233,88,238,93,231,92,225,89,179,139,186,132,194,129,199,132,205,131,210,137,214,145,208,149,202,150,196,150,190,148,184,144,182,138,193,136,198,137,204,138,210,144,203,142,197,142,192,140,2,1,2,9,-781.75525,97.44564,0.8140672,33.223686,7.176219,20.385525,4.959103,2.485757,-0.36853224,-3.8603797,7.1043143,1.4094052,0.9548396,1.7735807,4.064999,1.2031386,-0.2625504,4.0251637,-0.8154044,1.9386318,-29.90490224659443
148,88,147,103,147,118,148,133,151,147,157,161,166,173,177,182,190,186,204,186,218,180,229,172,238,161,244,149,249,136,254,122,257,108,161,72,166,62,177,57,188,57,198,61,218,64,229,64,240,68,249,77,251,89,207,77,206,85,205,93,204,101,190,112,195,114,201,116,206,116,211,116,172,81,178,78,185,79,191,81,184,82,178,82,219,87,227,86,233,88,237,93,231,91,225,89,180,140,186,132,193,129,198,131,204,131,210,137,213,146,208,150,201,152,195,152,190,150,184,146,183,139,193,135,197,137,203,137,210,145,202,144,197,144,192,142,2,1,2,9,-781.75525,97.44564,0.8140672,33.223686,7.176219,20.385525,4.959103,2.485757,-0.36853224,-3.8603797,7.1043143,1.4094052,0.9548396,1.7735807,4.064999,1.2031386,-0.2625504,4.0251637,-0.8154044,1.9386318,-29.90490224659443
147,88,146,103,147,118,148,133,151,147,157,161,166,173,177,182,190,187,205,187,218,181,229,172,238,160,244,148,249,135,253,121,257,107,160,72,165,62,176,57,188,57,198,61,217,64,229,63,240,68,248,77,251,88,206,77,205,85,205,92,204,100,190,112,195,114,200,116,206,116,211,115,172,81,178,78,184,79,190,81,184,81,177,82,219,86,226,86,232,88,237,93,231,91,225,89,180,140,186,132,193,129,198,131,204,131,210,137,213,147,207,152,201,153,195,153,190,151,184,146,184,139,192,135,197,136,203,137,210,146,202,145,196,144,191,143,2,1,2,9,-781.75525,97.44564,0.8140672,33.223686,7.176219,20.385525,4.959103,2.485757,-0.36853224,-3.8603797,7.1043143,1.4094052,0.9548396,1.7735807,4.064999,1.2031386,-0.2625504,4.0251637,-0.8154044,1.9386318,-29.90490224659443
147,88,146,103,147,118,148,133,151,148,157,161,166,173,177,182,190,187,204,186,217,180,228,172,237,162,243,150,248,136,253,123,256,109,160,71,166,62,176,57,187,56,198,60,217,63,229,63,240,68,248,77,250,88,206,77,205,85,204,92,203,100,190,111,195,113,200,115,205,115,210,115,171,81,178,78,184,79,190,81,183,82,177,82,218,86,226,86,232,88,237,93,230,91,224,89,179,140,186,131,193,128,198,130,203,130,209,137,213,147,207,151,200,153,195,153,189,151,183,147,183,139,192,135,197,136,202,137,209,145,201,145,196,145,191,143,2,1,2,9,-781.75525,97.44564,0.8140672,33.223686,7.176219,20.385525,4.959103,2.485757,-0.36853224,-3.8603797,7.1043143,1.4094052,0.9548396,1.7735807,4.064999,1.2031386,-0.2625504,4.0251637,-0.8154044,1.9386318,-29.90490224659443
147,87,147,102,147,117,147,132,150,147,156,161,165,173,177,182,190,187,204,187,217,181,228,172,237,161,243,149,248,136,253,123,257,109,159,71,165,62,175,57,187,56,198,60,217,63,228,63,240,67,248,76,250,88,206,76,205,84,204,92,203,100,190,111,194,113,200,115,205,115,210,115,171,80,177,78,184,78,190,81,183,81,177,81,218,85,225,85,231,88,236,92,230,90,224,88,179,139,185,131,192,128,197,130,203,130,209,136,213,146,207,151,200,152,194,152,189,150,183,146,182,138,191,134,196,135,202,136,210,145,201,144,196,144,190,142,2,1,2,9,-781.75525,97.44564,0.8140672,33.223686,7.176219,20.385525,4.959103,2.485757,-0.36853224,-3.8603797,7.1043143,1.4094052,0.9548396,1.7735807,4.064999,1.2031386,-0.2625504,4.0251637,-0.8154044,1.9386318,-29.90490224659443
147,87,146,102,147,117,147,132,150,147,157,161,166,173,177,182,191,186,205,185,218,179,229,171,238,160,244,148,249,135,253,122,257,108,159,71,165,61,175,56,187,56,198,61,217,64,228,63,240,67,248,76,250,88,206,77,205,84,204,91,203,99,190,111,195,113,200,115,205,115,210,115,171,80,177,78,184,78,190,81,183,81,177,81,218,86,226,85,232,87,237,92,230,90,224,88,179,139,185,131,192,128,197,130,203,130,209,136,213,146,207,150,200,152,194,151,189,150,183,146,182,139,191,134,196,135,202,136,210,144,201,144,195,144,190,142,2,1,2,9,-781.75525,97.44564,0.8140672,33.223686,7.176219,20.385525,4.959103,2.485757,-0.36853224,-3.8603797,7.1043143,1.4094052,0.9548396,1.7735807,4.064999,1.2031386,-0.2625504,4.0251637,-0.8154044,1.9386318,-29.90490224659443
147,88,146,103,146,117,147,132,150,147,156,160,165,171,176,180,190,184,204,184,217,179,228,171,237,160,243,148,248,135,252,122,256,108,159,71,165,62,175,56,187,56,197,61,217,64,228,63,240,68,248,77,250,88,206,77,205,84,204,92,203,99,189,111,194,113,199,115,205,115,210,115,171,81,177,78,183,78,189,81,183,81,176,81,218,86,225,85,231,88,236,92,230,91,224,89,178,139,185,131,192,128,197,131,203,130,209,136,214,145,207,149,200,150,194,149,189,148,182,144,181,138,191,135,196,136,202,137,210,144,201,142,195,141,190,140,2,1,2,9,-781.75525,97.44564,0.8140672,33.223686,7.176219,20.385525,4.959103,2.485757,-0.36853224,-3.8603797,7.1043143,1.4094052,0.9548396,1.7735807,4.064999,1.2031386,-0.2625504,4.0251637,-0.8154044,1.9386318,-29.90490224659443
147,86,146,101,146,115,146,130,149,145,155,158,164,169,175,178,189,182,203,181,217,177,229,169,237,159,243,147,248,134,252,121,256,107,159,71,164,62,175,57,187,56,197,61,217,64,228,63,239,68,247,77,250,88,205,77,204,84,203,91,202,99,189,111,194,113,199,114,205,115,210,115,171,80,177,78,183,78,189,81,183,81,176,81,218,85,225,85,231,87,236,92,230,90,224,88,176,137,184,130,192,128,197,130,202,130,209,135,213,144,206,147,199,148,193,147,188,146,181,142,180,137,191,134,196,135,201,136,210,143,200,140,195,140,190,138,2,1,2,9,-781.75525,97.44564,0.8140672,33.223686,7.176219,20.385525,4.959103,2.485757,-0.36853224,-3.8603797,7.1043143,1.4094052,0.9548396,1.7735807,4.064999,1.2031386,-0.2625504,4.0251637,-0.8154044,1.9386318,-29.90490224659443
147,87,146,102,146,116,146,131,149,145,155,158,164,168,176,176,189,180,204,181,217,176,228,169,237,159,243,147,248,135,253,122,256,109,159,71,165,61,176,56,187,56,197,61,217,64,228,63,240,68,248,77,250,89,206,76,205,84,204,91,203,98,189,110,194,112,199,114,205,114,210,114,171,80,177,77,184,77,190,81,183,80,177,81,218,86,225,85,231,87,236,92,230,90,224,88,176,136,184,129,192,127,197,129,203,129,209,134,214,143,207,145,200,146,194,145,188,144,181,141,180,136,191,134,196,135,202,136,210,142,201,137,195,137,190,136,2,1,2,9,-781.75525,97.44564,0.8140672,33.223686,7.176219,20.385525,4.959103,2.485757,-0.36853224,-3.8603797,7.1043143,1.4094052,0.9548396,1.7735807,4.064999,1.2031386,-0.2625504,4.0251637,-0.8154044,1.9386318,-29.90490224659443
147,88,146,102,146,116,147,131,149,145,155,157,164,168,176,176,189,180,203,180,217,176,228,169,237,159,243,148,248,135,252,123,256,110,159,71,165,61,176,56,187,56,198,61,217,64,228,63,240,68,248,77,250,89,206,76,205,84,204,91,203,99,189,110,194,112,199,114,205,114,210,114,171,80,177,77,184,77,190,80,183,80,177,81,218,85,225,85,231,87,236,92,230,90,224,88,175,135,183,129,191,127,197,130,203,129,209,134,215,143,207,145,200,145,194,144,188,143,181,140,179,135,190,133,196,135,202,135,211,141,201,137,195,137,190,135,2,1,2,9,-781.75525,97.44564,0.8140672,33.223686,7.176219,20.385525,4.959103,2.485757,-0.36853224,-3.8603797,7.1043143,1.4094052,0.9548396,1.7735807,4.064999,1.2031386,-0.2625504,4.0251637,-0.8154044,1.9386318,-29.90490224659443
147,88,146,102,146,116,146,131,149,145,155,157,164,168,175,175,188,180,202,180,216,176,227,169,236,160,243,148,248,136,252,123,256,109,159,70,165,61,176,56,187,56,198,60,217,64,228,63,240,68,248,77,250,89,206,76,205,84,204,91,203,98,189,110,194,112,199,114,205,114,210,114,171,79,177,77,183,77,189,80,183,80,176,80,218,85,225,85,232,87,236,92,230,90,224,88,176,135,184,129,191,127,196,129,202,129,208,134,214,142,206,144,199,145,193,144,188,143,181,139,179,135,190,133,195,134,201,135,210,141,200,136,195,136,190,135,2,1,2,9,-781.75525,97.44564,0.8140672,33.223686,7.176219,20.385525,4.959103,2.485757,-0.36853224,-3.8603797,7.1043143,1.4094052,0.9548396,1.7735807,4.064999,1.2031386,-0.2625504,4.0251637,-0.8154044,1.9386318,-29.90490224659443
147,88,146,102,146,116,147,131,149,145,155,157,164,168,175,176,189,180,203,180,216,176,228,168,237,159,243,148,248,135,252,122,256,109,159,70,165,61,176,56,187,56,197,60,217,64,228,64,239,68,247,77,250,89,206,76,205,83,204,91,203,98,189,110,194,112,199,114,205,114,210,114,171,79,177,76,183,77,189,80,183,80,177,80,218,85,225,85,231,87,236,92,230,90,224,88,176,135,184,129,191,127,197,129,203,129,209,135,214,142,207,145,200,146,194,145,188,144,181,140,179,135,190,133,196,135,202,135,211,142,201,138,195,137,190,136,2,1,2,9,-781.75525,97.44564,0.8140672,33.223686,7.176219,20.385525,4.959103,2.485757,-0.36853224,-3.8603797,7.1043143,1.4094052,0.9548396,1.7735807,4.064999,1.2031386,-0.2625504,4.0251637,-0.8154044,1.9386318,-29.90490224659443
147,87,146,102,146,117,146,132,149,145,155,158,164,168,176,176,189,180,203,180,216,175,228,168,236,159,243,147,247,135,252,122,256,109,159,71,165,61,175,56,187,55,198,60,217,64,228,63,240,68,248,77,250,89,206,76,205,84,204,91,203,98,189,110,194,112,199,114,205,114,210,114,170,79,177,76,183,77,189,80,183,80,176,80,218,85,225,85,231,87,236,92,230,90,223,88,176,135,184,129,192,127,197,129,202,129,208,134,213,142,206,144,199,145,194,144,188,143,182,140,180,135,191,133,196,134,201,135,209,141,200,137,195,137,190,135,2,1,2,9,-781.75525,97.44564,0.8140672,33.223686,7.176219,20.385525,4.959103,2.485757,-0.36853224,-3.8603797,7.1043143,1.4094052,0.9548396,1.7735807,4.064999,1.2031386,-0.2625504,4.0251637,-0.8154044,1.9386318,-29.90490224659443
146,87,145,102,145,116,146,131,149,145,155,158,164,168,175,176,189,180,203,180,216,176,228,169,236,159,243,148,248,135,252,123,256,109,158,70,164,61,175,56,186,55,197,60,217,64,228,63,239,68,247,77,250,89,205,76,204,83,203,90,202,98,189,109,194,111,199,113,205,113,210,113,170,79,177,76,183,77,189,80,182,80,176,80,218,85,226,85,232,87,236,92,230,90,224,88,175,135,183,129,192,127,197,129,203,129,209,134,214,142,207,144,199,145,193,144,188,143,181,140,179,134,191,133,196,134,202,135,210,141,201,137,195,136,190,135,2,1,2,9,-781.75525,97.44564,0.8140672,33.223686,7.176219,20.385525,4.959103,2.485757,-0.36853224,-3.8603797,7.1043143,1.4094052,0.9548396,1.7735807,4.064999,1.2031386,-0.2625504,4.0251637,-0.8154044,1.9386318,-29.90490224659443
146,87,145,101,145,116,146,131,149,145,155,157,164,167,176,175,188,179,202,179,216,175,227,168,236,159,242,148,247,135,252,122,256,109,159,70,165,60,176,56,187,56,197,60,217,64,229,63,240,68,247,77,250,88,206,76,205,83,204,90,203,98,189,110,194,112,199,114,205,114,210,114,171,79,177,76,184,76,190,80,183,80,177,80,218,85,225,84,231,87,236,92,230,90,224,88,175,135,183,129,192,126,197,129,203,129,209,134,214,142,207,144,200,145,193,144,188,143,181,139,179,134,190,133,196,134,202,135,210,141,201,137,195,136,190,135,2,1,2,9,-781.75525,97.44564,0.8140672,33.223686,7.176219,20.385525,4.959103,2.485757,-0.36853224,-3.8603797,7.1043143,1.4094052,0.9548396,1.7735807,4.064999,1.2031386,-0.2625504,4.0251637,-0.8154044,1.9386318,-29.90490224659443
147,86,145,101,145,115,146,130,148,143,154,156,164,166,175,174,187,178,202,179,215,175,227,169,236,160,242,149,247,137,252,124,256,110,160,70,166,60,176,55,188,55,199,60,218,64,229,64,240,69,248,78,251,90,206,76,205,83,204,90,203,98,189,110,194,112,200,113,205,114,210,114,171,78,178,76,184,76,190,80,184,80,177,79,218,85,226,84,232,87,237,92,230,90,224,88,175,134,184,129,192,126,197,129,203,129,209,134,215,142,207,144,200,145,193,144,188,143,181,139,179,134,191,132,196,134,202,135,211,141,201,136,195,136,190,134,2,1,2,9,-781.75525,97.44564,0.8140672,33.223686,7.176219,20.385525,4.959103,2.485757,-0.36853224,-3.8603797,7.1043143,1.4094052,0.9548396,1.7735807,4.064999,1.2031386,-0.2625504,4.0251637,-0.8154044,1.9386318,-29.90490224659443
147,86,146,100,146,115,146,130,149,144,155,156,164,166,176,174,189,178,203,179,216,174,228,167,237,158,243,146,248,134,252,121,256,108,160,70,166,60,177,55,188,55,199,60,219,64,230,64,241,69,249,78,251,90,207,76,206,83,205,90,204,98,190,109,195,111,200,113,206,114,211,114,172,78,178,75,185,76,191,79,184,79,177,79,220,85,227,85,233,87,238,92,232,90,225,88,175,134,184,128,193,126,198,129,204,129,210,134,216,142,208,144,200,145,194,144,188,142,181,139,179,134,192,132,197,133,203,134,212,141,202,136,196,135,191,134,2,1,2,9,-781.75525,97.44564,0.8140672,33.223686,7.176219,20.385525,4.959103,2.485757,-0.36853224,-3.8603797,7.1043143,1.4094052,0.9548396,1.7735807,4.064999,1.2031386,-0.2625504,4.0251637,-0.8154044,1.9386318,-29.90490224659443
148,87,147,101,146,115,146,130,148,143,154,155,164,165,175,173,188,178,202,179,215,175,227,168,236,159,243,148,248,136,252,123,256,110,161,69,167,60,178,55,190,55,201,60,220,65,231,64,242,69,250,77,252,90,208,76,207,83,206,90,205,98,191,109,196,112,201,114,207,114,212,114,173,78,179,75,186,76,192,79,185,79,178,79,220,86,228,85,234,88,238,93,232,91,225,88,175,133,184,128,193,126,199,128,204,128,211,133,215,141,208,144,201,145,195,144,189,142,181,138,179,133,192,132,198,133,203,134,211,140,202,136,197,135,191,134,2,1,2,9,-781.75525,97.44564,0.8140672,33.223686,7.176219,20.385525,4.959103,2.485757,-0.36853224,-3.8603797,7.1043143,1.4094052,0.9548396,1.7735807,4.064999,1.2031386,-0.2625504,4.0251637,-0.8154044,1.9386318,-29.90490224659443
147,87,146,102,146,117,147,131,149,145,156,157,166,166,177,173,190,178,203,179,216,174,228,168,237,159,244,148,249,135,253,123,257,109,162,69,168,60,179,55,191,55,202,60,221,65,232,65,243,69,251,78,253,90,210,76,209,83,208,90,207,98,192,109,198,111,203,113,208,113,214,113,174,78,181,75,187,76,193,79,186,79,180,79,221,86,229,85,235,88,239,93,233,91,227,88,177,134,186,128,194,125,200,128,206,128,212,133,216,142,209,145,202,145,196,145,190,143,183,139,181,133,193,131,199,133,205,134,212,141,204,136,198,136,192,134,2,1,2,9,-781.75525,97.44564,0.8140672,33.223686,7.176219,20.385525,4.959103,2.485757,-0.36853224,-3.8603797,7.1043143,1.4094052,0.9548396,1.7735807,4.064999,1.2031386,-0.2625504,4.0251637,-0.8154044,1.9386318,-29.90490224659443
148,88,148,102,147,116,147,131,150,144,156,157,165,167,177,175,190,179,203,180,217,176,228,169,237,160,243,148,249,136,253,124,257,111,163,68,170,59,181,55,192,55,203,60,222,65,233,65,244,70,252,79,254,91,211,76,209,83,208,90,207,98,193,109,198,111,203,113,209,114,214,113,175,78,181,75,188,76,193,79,187,79,180,79,222,86,229,85,235,88,240,93,233,91,227,88,178,134,186,128,195,126,200,128,205,128,212,134,216,142,209,145,202,146,196,145,190,144,183,139,181,134,193,131,199,133,204,134,212,141,203,138,198,138,192,136,2,1,2,9,-781.75525,97.44564,0.8140672,33.223686,7.176219,20.385525,4.959103,2.485757,-0.36853224,-3.8603797,7.1043143,1.4094052,0.9548396,1.7735807,4.064999,1.2031386,-0.2625504,4.0251637,-0.8154044,1.9386318,-29.90490224659443
148,88,147,103,147,117,147,132,150,145,157,158,166,167,178,175,191,179,205,180,218,176,229,169,238,160,244,149,249,137,253,124,257,111,164,68,171,59,182,55,193,55,204,60,223,65,234,65,245,70,252,79,253,90,212,76,211,83,210,90,209,97,194,108,199,111,204,113,210,114,215,113,175,78,182,76,188,76,194,79,187,79,181,79,222,86,230,86,236,89,240,93,234,92,228,89,179,134,187,127,196,125,201,128,207,128,213,134,217,143,210,146,203,147,197,146,191,144,184,140,182,134,194,131,200,133,206,134,213,141,205,139,199,138,193,137,2,1,2,9,-781.75525,97.44564,0.8140672,33.223686,7.176219,20.385525,4.959103,2.485757,-0.36853224,-3.8603797,7.1043143,1.4094052,0.9548396,1.7735807,4.064999,1.2031386,-0.2625504,4.0251637,-0.8154044,1.9386318,-29.90490224659443
148,89,147,103,147,118,148,132,151,146,157,158,166,168,178,176,191,180,205,181,217,177,228,170,237,160,243,149,248,137,253,125,257,112,164,67,171,59,182,54,193,55,204,59,223,64,234,65,245,70,253,79,254,91,212,76,211,83,210,90,209,97,194,109,199,111,204,113,210,114,214,114,175,78,182,76,188,77,194,79,187,79,181,79,223,86,230,87,236,90,241,94,234,92,228,89,178,134,187,127,196,125,201,128,207,128,213,134,217,143,210,146,203,147,197,146,191,144,184,140,182,134,194,131,200,133,206,134,214,142,205,139,199,139,194,137,2,1,2,9,-781.75525,97.44564,0.8140672,33.223686,7.176219,20.385525,4.959103,2.485757,-0.36853224,-3.8603797,7.1043143,1.4094052,0.9548396,1.7735807,4.064999,1.2031386,-0.2625504,4.0251637,-0.8154044,1.9386318,-29.90490224659443
149,89,147,103,147,118,148,132,151,145,157,158,167,168,178,175,191,180,204,181,217,177,229,170,238,160,244,149,249,137,254,125,258,112,164,67,171,58,183,54,194,54,205,59,223,64,234,65,245,69,253,79,255,91,212,76,211,83,210,89,209,96,194,108,199,110,204,112,210,113,215,113,176,78,182,76,189,77,195,80,188,80,181,79,223,87,231,87,237,90,241,94,235,93,229,90,178,134,187,127,196,124,201,127,207,127,213,133,217,143,210,146,203,147,197,146,191,145,184,140,182,133,194,130,200,132,206,133,214,142,205,139,199,139,193,137,2,1,2,9,-781.75525,97.44564,0.8140672,33.223686,7.176219,20.385525,4.959103,2.485757,-0.36853224,-3.8603797,7.1043143,1.4094052,0.9548396,1.7735807,4.064999,1.2031386,-0.2625504,4.0251637,-0.8154044,1.9386318,-29.90490224659443
149,88,148,103,147,117,148,132,151,145,157,157,165,167,176,175,189,180,203,182,216,178,228,171,237,161,243,150,249,138,254,125,258,112,164,67,171,58,182,54,193,54,204,59,223,64,234,64,245,69,253,78,254,90,212,75,210,82,209,89,208,96,194,108,199,110,204,112,209,113,214,113,175,77,182,75,189,76,195,79,188,79,181,78,222,86,230,86,236,89,241,93,234,92,228,89,179,133,187,126,195,124,201,127,207,127,213,133,217,143,210,147,202,148,196,147,190,145,184,140,182,133,194,130,200,132,205,133,213,142,204,140,198,139,193,137,2,1,2,9,-781.75525,97.44564,0.8140672,33.223686,7.176219,20.385525,4.959103,2.485757,-0.36853224,-3.8603797,7.1043143,1.4094052,0.9548396,1.7735807,4.064999,1.2031386,-0.2625504,4.0251637,-0.8154044,1.9386318,-29.90490224659443
149,87,148,102,147,117,148,132,151,145,157,158,166,168,176,176,189,181,202,182,215,178,227,171,236,161,243,150,249,138,254,125,258,112,164,67,171,58,182,53,193,53,204,58,223,64,234,64,245,69,253,78,254,90,211,75,210,82,209,89,208,96,193,108,198,110,203,112,209,113,214,113,175,77,182,75,188,75,194,78,187,78,181,78,222,85,230,86,236,89,240,93,234,91,228,88,178,133,186,126,195,124,201,126,206,126,213,132,217,142,210,146,202,148,196,147,190,145,183,140,181,133,194,130,200,131,205,132,213,141,204,139,198,139,193,137,2,1,2,9,-781.75525,97.44564,0.8140672,33.223686,7.176219,20.385525,4.959103,2.485757,-0.36853224,-3.8603797,7.1043143,1.4094052,0.9548396,1.7735807,4.064999,1.2031386,-0.2625504,4.0251637,-0.8154044,1.9386318,-29.90490224659443
149,86,148,101,148,115,148,131,151,145,157,157,166,168,177,176,190,180,204,181,217,176,229,169,238,159,244,148,249,136,254,124,258,111,164,67,170,58,181,54,193,54,204,58,222,64,234,64,245,69,252,79,254,90,211,75,210,82,209,89,208,96,193,107,198,110,204,112,209,113,214,112,175,77,182,75,188,76,194,78,187,78,181,78,222,85,230,86,236,88,240,93,234,91,228,88,178,134,186,127,196,124,201,127,207,127,213,133,216,143,210,147,202,148,196,147,190,145,183,140,182,134,194,130,200,132,205,133,213,142,204,140,198,139,193,137,2,1,2,9,-781.75525,97.44564,0.8140672,33.223686,7.176219,20.385525,4.959103,2.485757,-0.36853224,-3.8603797,7.1043143,1.4094052,0.9548396,1.7735807,4.064999,1.2031386,-0.2625504,4.0251637,-0.8154044,1.9386318,-29.90490224659443
150,86,148,101,147,115,148,129,150,143,156,156,165,167,176,175,190,180,204,180,217,176,229,169,238,159,244,148,250,136,254,124,259,111,164,66,171,58,182,54,193,54,203,59,222,64,234,64,245,69,253,78,255,90,211,75,210,82,209,89,207,96,193,108,198,110,203,112,209,113,213,113,176,77,182,75,188,76,194,78,187,79,181,78,222,85,230,86,236,88,240,93,234,91,228,88,179,133,187,127,195,125,200,128,206,128,212,134,215,143,209,145,202,145,196,144,190,142,184,139,182,133,194,132,199,134,204,135,212,141,203,137,198,137,193,135,2,1,2,9,-781.75525,97.44564,0.8140672,33.223686,7.176219,20.385525,4.959103,2.485757,-0.36853224,-3.8603797,7.1043143,1.4094052,0.9548396,1.7735807,4.064999,1.2031386,-0.2625504,4.0251637,-0.8154044,1.9386318,-29.90490224659443
150,87,148,101,148,116,148,130,150,144,156,157,166,167,177,175,190,179,204,180,218,176,229,169,238,160,244,149,249,137,254,125,258,112,164,67,171,58,182,54,193,54,204,59,223,64,234,64,245,69,253,78,255,90,211,75,210,82,209,89,207,96,193,108,198,110,203,112,208,112,214,112,175,77,182,75,188,75,194,79,187,78,181,78,223,85,230,85,236,88,241,93,234,91,228,88,179,133,187,128,195,126,200,129,206,128,211,134,215,142,208,143,202,143,197,142,191,141,185,137,182,133,194,133,199,134,204,135,212,141,204,136,199,135,193,133,2,1,2,9,-781.75525,97.44564,0.8140672,33.223686,7.176219,20.385525,4.959103,2.485757,-0.36853224,-3.8603797,7.1043143,1.4094052,0.9548396,1.7735807,4.064999,1.2031386,-0.2625504,4.0251637,-0.8154044,1.9386318,-29.90490224659443
150,87,149,101,148,115,148,130,151,143,156,156,165,166,176,174,190,179,204,180,217,176,229,169,238,160,244,149,250,137,254,124,258,111,164,67,170,58,181,54,193,54,204,59,223,64,234,64,245,69,253,78,255,91,211,75,210,82,209,89,207,97,193,108,198,110,203,112,209,113,214,112,175,77,182,75,188,75,195,78,187,78,181,78,223,85,230,85,236,88,241,92,234,90,228,88,179,133,187,128,195,126,200,129,206,128,211,134,216,142,209,143,202,143,196,142,191,141,185,137,183,133,194,133,199,134,204,135,212,141,203,136,199,135,193,133,2,1,2,9,-781.75525,97.44564,0.8140672,33.223686,7.176219,20.385525,4.959103,2.485757,-0.36853224,-3.8603797,7.1043143,1.4094052,0.9548396,1.7735807,4.064999,1.2031386,-0.2625504,4.0251637,-0.8154044,1.9386318,-29.90490224659443
150,87,149,101,148,115,148,130,151,144,157,156,166,167,177,176,190,181,203,181,217,177,229,170,238,160,245,149,250,137,254,124,258,112,164,68,171,58,182,54,193,54,204,59,223,64,234,64,245,69,253,78,255,90,211,75,210,82,209,89,207,96,193,107,198,110,203,112,209,112,214,112,176,77,182,75,189,75,194,78,187,78,181,77,223,85,230,85,236,88,240,92,234,90,228,88,180,134,187,128,195,125,200,128,205,128,211,134,215,142,208,145,201,146,196,145,190,143,184,139,183,134,194,133,199,134,204,135,211,141,203,137,198,137,193,135,2,1,2,9,-781.75525,97.44564,0.8140672,33.223686,7.176219,20.385525,4.959103,2.485757,-0.36853224,-3.8603797,7.1043143,1.4094052,0.9548396,1.7735807,4.064999,1.2031386,-0.2625504,4.0251637,-0.8154044,1.9386318,-29.90490224659443
150,86,149,101,148,116,148,131,151,145,157,158,166,169,176,177,189,182,203,183,217,178,228,171,237,161,244,150,249,138,254,125,258,111,165,67,171,58,182,54,193,54,204,59,223,64,234,64,245,69,253,78,254,90,212,76,210,83,209,89,207,97,193,108,198,110,203,112,209,113,214,112,176,77,183,74,189,75,194,78,188,78,182,78,223,85,230,85,236,87,241,92,234,90,228,88,179,135,187,128,195,125,201,127,206,127,212,134,215,145,209,148,202,150,196,149,190,147,184,142,183,135,194,132,199,133,204,134,212,143,203,141,198,141,193,139,2,1,2,9,-781.75525,97.44564,0.8140672,33.223686,7.176219,20.385525,4.959103,2.485757,-0.36853224,-3.8603797,7.1043143,1.4094052,0.9548396,1.7735807,4.064999,1.2031386,-0.2625504,4.0251637,-0.8154044,1.9386318,-29.90490224659443
150,86,149,101,149,116,149,131,152,145,158,158,166,169,177,178,190,183,204,183,217,179,229,171,238,161,245,150,250,137,255,124,259,111,165,67,171,58,182,54,193,54,204,59,223,64,234,64,245,69,253,77,255,90,212,75,210,82,209,89,208,96,194,108,199,110,204,112,209,113,214,112,176,77,183,74,189,75,195,78,188,78,182,78,223,85,231,85,237,87,241,92,235,91,229,88,180,135,187,127,196,125,201,127,207,127,213,134,216,144,209,149,202,151,197,150,191,149,183,143,183,135,194,131,200,133,205,134,212,143,204,142,199,142,193,140,2,1,2,9,-781.75525,97.44564,0.8140672,33.223686,7.176219,20.385525,4.959103,2.485757,-0.36853224,-3.8603797,7.1043143,1.4094052,0.9548396,1.7735807,4.064999,1.2031386,-0.2625504,4.0251637,-0.8154044,1.9386318,-29.90490224659443
150,88,149,102,149,116,149,132,152,146,158,159,167,169,177,178,190,182,204,183,217,178,229,171,238,162,245,150,250,138,255,125,259,111,165,67,171,58,182,54,193,54,204,59,223,64,234,64,245,68,252,77,254,89,211,75,210,82,209,89,208,97,194,108,198,110,203,112,209,113,214,113,176,77,182,74,188,75,194,78,187,78,181,78,223,85,230,85,236,87,241,92,234,91,228,88,179,135,187,128,196,125,201,128,206,128,212,134,216,144,209,149,202,150,196,149,190,147,183,142,182,135,194,131,200,132,205,134,212,143,204,142,198,141,193,139,2,1,2,9,-781.75525,97.44564,0.8140672,33.223686,7.176219,20.385525,4.959103,2.485757,-0.36853224,-3.8603797,7.1043143,1.4094052,0.9548396,1.7735807,4.064999,1.2031386,-0.2625504,4.0251637,-0.8154044,1.9386318,-29.90490224659443
151,86,149,100,149,115,149,130,152,144,157,157,166,167,177,176,190,181,203,181,217,177,229,170,238,161,245,150,250,137,255,124,259,111,165,68,171,59,182,54,193,55,204,60,223,64,234,64,245,69,252,78,254,90,211,76,210,83,209,90,207,97,193,108,198,111,203,113,209,113,214,113,176,77,182,75,188,75,194,79,187,79,181,78,223,85,230,85,236,87,241,92,234,91,228,88,179,134,186,128,195,126,200,128,206,128,212,134,216,143,209,146,202,147,196,146,190,145,183,140,183,134,194,131,199,133,205,134,213,142,204,139,198,139,192,137,2,1,2,9,-781.75525,97.44564,0.8140672,33.223686,7.176219,20.385525,4.959103,2.485757,-0.36853224,-3.8603797,7.1043143,1.4094052,0.9548396,1.7735807,4.064999,1.2031386,-0.2625504,4.0251637,-0.8154044,1.9386318,-29.90490224659443
151,86,149,100,148,114,149,129,151,143,157,156,166,167,177,175,190,180,204,180,217,176,229,169,239,159,245,148,251,136,255,123,259,110,165,68,171,59,182,54,193,55,203,59,223,64,234,64,245,69,252,78,254,89,211,75,210,83,208,90,207,97,193,108,198,110,203,112,208,113,213,113,176,77,182,75,188,75,194,78,187,78,181,78,223,85,230,85,236,87,241,92,234,90,228,88,179,133,186,128,195,126,200,128,205,128,211,134,215,142,208,145,201,146,196,145,190,143,183,139,183,133,193,131,199,133,204,134,211,140,203,138,198,137,192,136,2,1,2,9,-781.75525,97.44564,0.8140672,33.223686,7.176219,20.385525,4.959103,2.485757,-0.36853224,-3.8603797,7.1043143,1.4094052,0.9548396,1.7735807,4.064999,1.2031386,-0.2625504,4.0251637,-0.8154044,1.9386318,-29.90490224659443
150,86,149,100,148,114,149,129,151,143,157,156,166,166,177,174,189,179,202,180,216,176,228,169,238,160,245,149,250,136,255,124,259,111,164,67,171,58,181,54,193,54,203,59,223,64,234,64,245,69,252,77,254,89,211,76,210,83,208,90,207,97,193,108,198,110,203,112,208,113,213,113,176,77,182,75,188,75,194,79,187,79,181,78,223,85,230,84,236,87,241,92,234,91,228,88,179,133,186,128,195,126,200,128,205,128,211,134,215,142,208,144,201,145,196,145,190,143,184,139,183,133,193,132,198,133,204,134,212,140,203,137,198,137,192,135,2,1,2,9,-781.75525,97.44564,0.8140672,33.223686,7.176219,20.385525,4.959103,2.485757,-0.36853224,-3.8603797,7.1043143,1.4094052,0.9548396,1.7735807,4.064999,1.2031386,-0.2625504,4.0251637,-0.8154044,1.9386318,-29.90490224659443
151,85,149,100,149,114,149,128,151,142,157,154,166,165,176,173,189,178,203,179,216,175,229,168,238,159,246,148,251,136,255,123,260,110,164,68,170,59,181,54,192,54,203,59,222,63,234,64,244,68,252,78,254,90,211,75,209,82,208,89,207,97,193,108,198,110,203,112,208,113,213,113,176,77,182,74,188,75,194,78,187,78,181,78,223,85,230,84,236,87,240,92,234,90,228,87,179,133,186,127,194,126,200,128,205,128,211,134,216,142,208,144,202,144,196,144,190,142,184,138,183,132,193,132,199,133,204,134,212,140,203,136,198,135,192,133,2,1,2,9,-781.75525,97.44564,0.8140672,33.223686,7.176219,20.385525,4.959103,2.485757,-0.36853224,-3.8603797,7.1043143,1.4094052,0.9548396,1.7735807,4.064999,1.2031386,-0.2625504,4.0251637,-0.8154044,1.9386318,-29.90490224659443
151,85,150,100,149,114,149,129,151,142,157,155,166,165,177,173,190,178,203,179,217,175,229,168,239,159,245,148,251,136,255,123,260,110,164,67,170,58,181,54,193,55,203,59,222,64,234,64,245,68,253,77,255,89,211,75,209,82,208,89,207,97,193,107,198,110,203,112,208,112,213,112,176,77,182,74,188,75,194,78,187,78,181,78,223,85,230,84,236,87,240,92,234,90,228,87,179,132,186,127,195,126,200,128,206,128,212,134,216,141,209,143,202,143,196,142,190,140,183,137,182,132,193,131,199,133,204,134,213,140,203,136,198,135,192,133,2,1,2,9,-781.75525,97.44564,0.8140672,33.223686,7.176219,20.385525,4.959103,2.485757,-0.36853224,-3.8603797,7.1043143,1.4094052,0.9548396,1.7735807,4.064999,1.2031386,-0.2625504,4.0251637,-0.8154044,1.9386318,-29.90490224659443
151,84,150,99,149,113,149,128,151,142,157,155,166,165,177,173,190,178,204,178,218,174,230,167,239,158,246,147,251,135,256,122,260,109,164,68,170,59,181,54,192,54,203,59,222,64,233,64,245,69,253,78,255,90,211,75,209,82,208,89,207,96,193,108,198,110,203,112,208,112,213,112,176,76,182,74,188,75,193,78,187,77,181,77,223,84,230,84,236,87,240,92,234,89,228,87,178,132,186,127,194,125,200,128,205,128,211,133,216,141,209,143,202,143,196,142,190,140,183,136,182,132,193,131,199,133,204,134,213,139,203,135,198,134,192,132,2,1,2,9,-781.75525,97.44564,0.8140672,33.223686,7.176219,20.385525,4.959103,2.485757,-0.36853224,-3.8603797,7.1043143,1.4094052,0.9548396,1.7735807,4.064999,1.2031386,-0.2625504,4.0251637,-0.8154044,1.9386318,-29.90490224659443
151,83,150,98,149,113,149,128,151,142,157,155,166,165,177,174,189,179,203,179,216,175,229,168,238,159,246,148,251,135,256,122,260,109,165,67,171,58,181,54,193,54,203,59,222,64,233,64,245,68,253,77,255,90,210,75,209,82,208,89,206,96,193,107,198,109,203,111,208,111,213,111,176,76,182,74,188,74,194,77,187,77,181,77,223,84,230,84,236,87,240,91,234,89,228,87,179,132,186,127,194,125,200,127,205,127,211,133,215,141,208,143,201,143,196,143,190,141,184,137,182,132,193,131,199,133,204,133,212,139,203,135,198,135,192,133,2,1,2,9,-781.75525,97.44564,0.8140672,33.223686,7.176219,20.385525,4.959103,2.485757,-0.36853224,-3.8603797,7.1043143,1.4094052,0.9548396,1.7735807,4.064999,1.2031386,-0.2625504,4.0251637,-0.8154044,1.9386318,-29.90490224659443
151,85,150,99,149,114,149,129,152,142,157,155,166,166,177,174,189,179,203,180,216,176,229,169,238,160,246,148,251,136,255,123,259,109,165,67,171,58,181,53,193,54,203,58,222,63,234,64,245,68,253,77,255,89,211,74,209,82,208,89,207,96,193,107,198,109,203,111,208,112,213,112,176,76,182,74,188,74,194,77,187,77,181,77,223,84,230,84,236,87,241,92,234,90,228,87,179,133,187,127,195,125,200,127,205,127,211,133,215,142,208,145,201,145,196,144,190,142,184,138,183,132,193,131,199,133,204,134,212,141,203,136,198,136,192,133,2,1,2,9,-781.75525,97.44564,0.8140672,33.223686,7.176219,20.385525,4.959103,2.485757,-0.36853224,-3.8603797,7.1043143,1.4094052,0.9548396,1.7735807,4.064999,1.2031386,-0.2625504,4.0251637,-0.8154044,1.9386318,-29.90490224659443
151,86,150,100,149,114,149,129,152,143,157,156,166,167,177,175,190,180,203,181,217,176,229,170,238,160,245,149,250,136,255,124,259,110,164,67,170,58,181,54,193,54,203,59,222,63,234,64,245,68,253,77,255,89,211,75,209,82,208,88,207,96,193,108,198,110,203,112,208,112,213,112,175,76,182,74,188,74,194,78,187,77,181,77,223,84,230,84,236,87,241,92,234,90,228,87,179,133,187,127,195,125,200,128,206,127,212,133,216,142,209,145,202,145,196,145,191,143,184,138,183,133,194,132,199,133,204,134,212,140,203,137,198,136,193,134,2,1,2,9,-781.75525,97.44564,0.8140672,33.223686,7.176219,20.385525,4.959103,2.485757,-0.36853224,-3.8603797,7.1043143,1.4094052,0.9548396,1.7735807,4.064999,1.2031386,-0.2625504,4.0251637,-0.8154044,1.9386318,-29.90490224659443
151,85,150,99,149,114,149,129,152,143,157,156,166,167,176,176,189,181,202,181,216,177,228,170,238,160,245,149,250,137,255,124,259,110,165,67,171,58,182,54,193,54,203,59,222,63,234,64,244,68,252,77,254,89,211,75,209,82,208,89,207,96,193,107,198,109,203,112,208,112,213,112,176,76,182,74,188,74,194,77,187,77,181,77,223,84,230,84,236,87,240,92,234,90,228,87,180,133,187,127,195,125,200,128,205,128,211,133,215,143,208,145,201,146,195,145,190,143,184,138,183,133,193,131,198,133,204,134,211,141,203,138,198,137,192,135,2,1,2,9,-781.75525,97.44564,0.8140672,33.223686,7.176219,20.385525,4.959103,2.485757,-0.36853224,-3.8603797,7.1043143,1.4094052,0.9548396,1.7735807,4.064999,1.2031386,-0.2625504,4.0251637,-0.8154044,1.9386318,-29.90490224659443
151,84,150,99,149,114,149,129,152,143,157,156,166,167,176,176,189,181,203,181,217,176,229,169,238,159,245,148,251,136,255,123,260,109,165,67,171,58,182,54,193,54,203,59,222,64,234,64,245,69,253,78,255,89,211,75,210,82,208,89,207,96,193,107,198,110,203,112,208,113,213,112,176,76,182,73,188,74,194,78,187,78,181,77,223,84,230,84,236,87,240,92,234,90,228,87,179,133,187,127,195,125,200,128,205,128,211,134,215,143,208,146,201,146,196,145,190,144,184,139,183,133,194,132,199,133,204,134,212,141,203,138,198,137,193,135,2,1,2,9,-781.75525,97.44564,0.8140672,33.223686,7.176219,20.385525,4.959103,2.485757,-0.36853224,-3.8603797,7.1043143,1.4094052,0.9548396,1.7735807,4.064999,1.2031386,-0.2625504,4.0251637,-0.8154044,1.9386318,-29.90490224659443
151,85,149,99,148,114,149,129,151,143,157,156,165,167,176,176,188,181,202,182,216,178,228,171,238,161,245,150,250,137,255,124,259,111,164,68,170,58,181,54,193,54,204,59,222,63,234,64,245,68,253,78,255,90,211,75,209,82,208,89,207,96,193,108,198,110,203,112,208,113,213,113,175,76,182,74,188,74,194,78,187,78,181,77,222,85,230,84,236,87,240,92,234,90,228,87,179,133,186,127,195,125,200,127,205,128,211,134,215,143,208,146,201,146,196,145,190,144,184,139,182,133,193,132,199,133,204,134,212,141,203,138,198,137,192,135,2,1,2,9,-781.75525,97.44564,0.8140672,33.223686,7.176219,20.385525,4.959103,2.485757,-0.36853224,-3.8603797,7.1043143,1.4094052,0.9548396,1.7735807,4.064999,1.2031386,-0.2625504,4.0251637,-0.8154044,1.9386318,-29.90490224659443
151,85,150,99,149,113,149,128,151,142,156,156,165,167,175,176,188,181,202,181,216,177,228,170,237,160,244,149,250,136,255,124,259,110,164,67,170,58,181,54,192,54,203,59,222,63,233,64,244,69,252,77,254,89,210,75,209,82,208,89,206,96,193,107,198,109,202,111,208,112,213,112,175,76,181,74,188,74,193,78,186,78,180,77,222,85,229,84,235,86,240,92,233,90,227,87,179,134,186,127,194,125,200,127,205,127,211,133,215,143,208,146,201,147,195,146,190,144,183,139,183,133,193,131,198,133,203,134,211,141,202,139,197,138,192,136,2,1,2,9,-781.75525,97.44564,0.8140672,33.223686,7.176219,20.385525,4.959103,2.485757,-0.36853224,-3.8603797,7.1043143,1.4094052,0.9548396,1.7735807,4.064999,1.2031386,-0.2625504,4.0251637,-0.8154044,1.9386318,-29.90490224659443
150,84,149,98,148,113,148,128,150,142,156,155,165,167,176,176,188,181,202,181,216,176,228,169,238,159,245,148,250,135,255,122,259,109,164,67,170,58,181,54,192,55,203,59,222,64,233,64,244,69,252,77,254,89,210,75,209,82,207,89,206,96,193,107,197,110,202,112,207,112,212,112,176,76,182,74,188,74,193,78,187,78,181,77,223,85,229,84,235,86,240,92,233,90,228,87,179,134,186,127,194,125,199,127,204,127,211,134,214,143,207,147,200,148,195,147,189,145,183,140,182,134,193,132,198,133,203,134,211,142,202,139,197,138,192,137,2,1,2,9,-781.75525,97.44564,0.8140672,33.223686,7.176219,20.385525,4.959103,2.485757,-0.36853224,-3.8603797,7.1043143,1.4094052,0.9548396,1.7735807,4.064999,1.2031386,-0.2625504,4.0251637,-0.8154044,1.9386318,-29.90490224659443
150,85,149,100,148,115,149,130,151,144,157,157,166,168,176,177,189,182,202,182,216,177,228,170,237,160,244,149,250,136,255,123,259,110,164,67,170,58,181,54,192,54,203,59,221,64,233,64,244,69,252,78,254,90,210,76,209,82,207,89,206,97,192,108,197,110,202,112,208,113,213,113,174,77,181,74,188,74,193,78,186,78,180,78,222,85,229,84,236,87,240,92,234,91,227,88,178,135,186,127,194,125,199,128,205,128,211,134,215,144,208,148,201,149,195,148,189,146,182,141,182,134,193,131,198,133,204,134,211,142,203,140,197,139,192,138,2,1,2,9,-781.75525,97.44564,0.8140672,33.223686,7.176219,20.385525,4.959103,2.485757,-0.36853224,-3.8603797,7.1043143,1.4094052,0.9548396,1.7735807,4.064999,1.2031386,-0.2625504,4.0251637,-0.8154044,1.9386318,-29.90490224659443
150,86,149,100,148,115,148,130,151,144,156,157,165,168,175,177,188,182,202,182,216,178,228,171,238,160,244,149,250,136,255,124,259,110,164,67,170,58,181,54,192,55,203,59,221,64,232,65,243,69,252,78,254,90,210,75,208,83,207,90,205,97,192,108,197,111,202,113,207,113,212,113,175,77,181,74,187,74,193,78,186,78,180,78,222,85,229,84,235,87,240,92,233,90,227,88,178,134,185,128,194,125,199,128,204,128,210,134,214,144,207,147,200,148,194,147,189,145,182,141,181,134,192,132,197,133,203,134,211,142,202,140,196,139,191,137,2,1,2,9,-781.75525,97.44564,0.8140672,33.223686,7.176219,20.385525,4.959103,2.485757,-0.36853224,-3.8603797,7.1043143,1.4094052,0.9548396,1.7735807,4.064999,1.2031386,-0.2625504,4.0251637,-0.8154044,1.9386318,-29.90490224659443
150,86,148,100,148,115,148,130,151,144,156,157,165,168,175,177,188,183,202,184,216,179,227,172,237,162,244,150,249,138,254,125,258,111,164,67,170,59,181,55,192,55,202,60,222,65,233,65,244,70,252,79,254,91,210,76,209,83,207,90,206,98,192,109,197,111,202,113,207,114,212,114,175,77,181,74,187,75,193,79,186,79,180,78,222,86,229,85,235,88,240,93,233,91,227,89,178,135,185,128,194,126,199,129,205,129,210,135,214,145,207,149,200,150,194,149,189,147,182,142,181,135,192,132,198,134,203,135,211,144,202,141,197,140,191,138,2,1,2,9,-781.75525,97.44564,0.8140672,33.223686,7.176219,20.385525,4.959103,2.485757,-0.36853224,-3.8603797,7.1043143,1.4094052,0.9548396,1.7735807,4.064999,1.2031386,-0.2625504,4.0251637,-0.8154044,1.9386318,-29.90490224659443
150,85,149,100,148,114,148,130,150,144,156,157,164,168,175,177,188,182,202,183,216,178,228,171,237,161,244,150,249,138,254,125,259,111,163,68,170,59,180,55,191,55,202,60,222,65,233,66,244,70,252,79,254,91,210,76,209,83,207,91,206,98,192,110,197,111,202,114,207,114,212,114,175,77,181,74,188,75,193,79,186,79,180,78,222,86,229,85,235,88,240,93,233,91,227,89,178,135,185,129,193,126,199,129,204,129,210,135,215,145,207,148,200,149,194,148,188,146,182,142,181,135,192,133,198,134,203,136,211,143,202,141,196,140,191,138,2,1,2,9,-781.75525,97.44564,0.8140672,33.223686,7.176219,20.385525,4.959103,2.485757,-0.36853224,-3.8603797,7.1043143,1.4094052,0.9548396,1.7735807,4.064999,1.2031386,-0.2625504,4.0251637,-0.8154044,1.9386318,-29.90490224659443
150,83,149,98,148,113,148,129,150,143,156,157,164,168,174,177,188,182,202,183,216,178,228,171,237,161,244,150,250,138,255,124,259,111,164,68,171,59,181,55,193,56,203,61,222,66,233,66,244,71,252,79,254,91,210,77,209,84,208,91,206,99,192,110,197,112,202,115,208,115,213,115,175,77,181,75,187,76,193,79,186,79,180,79,222,86,229,86,235,89,240,94,233,92,227,89,178,135,185,129,193,127,199,129,204,130,210,136,215,145,207,149,200,149,194,148,189,146,182,142,181,135,192,133,198,135,203,136,211,144,202,141,196,140,191,138,2,1,2,9,-781.75525,97.44564,0.8140672,33.223686,7.176219,20.385525,4.959103,2.485757,-0.36853224,-3.8603797,7.1043143,1.4094052,0.9548396,1.7735807,4.064999,1.2031386,-0.2625504,4.0251637,-0.8154044,1.9386318,-29.90490224659443
150,84,149,99,148,113,148,129,150,143,155,157,164,168,174,177,188,182,202,183,216,178,228,170,237,160,244,149,250,137,255,124,259,111,163,69,170,60,181,56,192,56,203,61,222,66,234,67,244,71,253,80,255,93,210,78,209,85,207,92,206,100,192,111,197,113,202,115,207,116,213,116,175,78,181,75,187,76,193,80,186,80,179,79,222,87,229,86,235,89,240,94,233,93,227,90,177,136,185,130,194,128,199,130,205,130,211,136,215,146,207,149,200,149,195,149,189,147,182,142,181,136,192,134,198,136,203,137,211,145,202,141,197,141,191,139,2,1,2,9,-781.75525,97.44564,0.8140672,33.223686,7.176219,20.385525,4.959103,2.485757,-0.36853224,-3.8603797,7.1043143,1.4094052,0.9548396,1.7735807,4.064999,1.2031386,-0.2625504,4.0251637,-0.8154044,1.9386318,-29.90490224659443
151,85,149,99,148,114,148,129,150,144,155,157,164,168,175,177,188,182,203,183,217,179,229,172,238,162,244,150,250,138,255,126,260,113,165,68,172,59,182,56,193,57,204,61,222,67,234,67,245,72,253,81,255,93,211,78,209,85,208,92,206,100,192,111,197,113,202,115,208,116,213,116,176,78,182,75,188,76,194,80,187,80,181,79,223,87,230,86,236,89,240,95,234,93,228,90,178,135,185,130,193,128,199,131,205,131,211,137,215,146,208,148,201,148,195,147,189,145,182,141,181,136,192,134,198,136,203,137,212,144,202,141,197,140,191,138,2,1,2,9,-781.75525,97.44564,0.8140672,33.223686,7.176219,20.385525,4.959103,2.485757,-0.36853224,-3.8603797,7.1043143,1.4094052,0.9548396,1.7735807,4.064999,1.2031386,-0.2625504,4.0251637,-0.8154044,1.9386318,-29.90490224659443
151,83,150,99,149,113,148,129,150,143,155,156,164,167,175,175,188,181,202,182,216,177,228,171,237,161,244,150,249,138,255,126,259,112,165,68,172,59,183,56,194,57,204,62,223,67,234,68,245,72,253,81,255,93,211,78,210,85,208,92,206,100,193,110,198,113,203,115,208,116,213,115,176,78,182,75,188,76,194,80,187,80,181,79,223,88,230,87,236,89,241,95,234,93,228,90,177,135,185,129,193,128,199,131,205,131,211,136,215,145,208,147,201,147,195,146,189,144,182,140,181,135,192,134,198,136,204,137,212,143,203,139,197,138,191,136,2,1,2,9,-781.75525,97.44564,0.8140672,33.223686,7.176219,20.385525,4.959103,2.485757,-0.36853224,-3.8603797,7.1043143,1.4094052,0.9548396,1.7735807,4.064999,1.2031386,-0.2625504,4.0251637,-0.8154044,1.9386318,-29.90490224659443
151,83,149,98,148,112,148,127,150,141,155,154,163,165,173,174,186,179,200,181,215,178,227,171,237,162,244,150,250,138,255,125,260,111,165,68,171,59,182,56,193,57,204,62,223,68,234,68,245,72,254,81,256,93,211,78,209,86,208,93,206,100,192,111,197,113,202,115,208,116,213,116,176,77,182,75,189,76,194,80,187,80,181,79,223,88,230,87,236,89,241,95,234,93,228,90,177,134,185,129,193,128,199,131,204,131,210,137,215,145,207,146,200,146,194,144,189,142,182,139,180,135,192,134,197,136,203,137,211,143,202,138,196,137,191,135,2,1,2,9,-781.75525,97.44564,0.8140672,33.223686,7.176219,20.385525,4.959103,2.485757,-0.36853224,-3.8603797,7.1043143,1.4094052,0.9548396,1.7735807,4.064999,1.2031386,-0.2625504,4.0251637,-0.8154044,1.9386318,-29.90490224659443
151,85,149,100,148,114,148,129,150,143,156,156,164,166,174,175,187,180,201,181,215,178,226,171,236,163,243,152,249,140,254,127,259,114,164,69,171,59,182,56,194,56,205,62,223,67,235,68,246,72,254,82,255,93,212,78,210,85,209,92,207,100,192,111,197,113,202,116,208,117,213,117,176,77,182,75,189,76,194,80,188,80,181,79,223,88,231,87,237,90,241,95,235,93,229,91,177,134,186,129,194,128,199,131,205,131,211,137,216,145,208,146,201,145,194,144,189,142,182,138,180,134,192,134,198,136,204,137,213,143,202,138,197,137,191,135,2,1,2,9,-781.75525,97.44564,0.8140672,33.223686,7.176219,20.385525,4.959103,2.485757,-0.36853224,-3.8603797,7.1043143,1.4094052,0.9548396,1.7735807,4.064999,1.2031386,-0.2625504,4.0251637,-0.8154044,1.9386318,-29.90490224659443
